{
  "asset": {
    "version": "2.0",
    "generator": "THREE.GLTFExporter"
  },
  "scenes": [
    {
      "nodes": [
        0
      ]
    }
  ],
  "scene": 0,
  "nodes": [
    {
      "children": [
        124
      ],
      "matrix": [
        0.01,
        0,
        0,
        0,
        0,
        0.01,
        0,
        0,
        0,
        0,
        0.01,
        0,
        0,
        0,
        0,
        1
      ]
    },
    {
      "matrix": [
        -0.1736481776669303,
        -0.9848077530122082,
        0,
        0,
        0.9848077530122082,
        -0.1736481776669303,
        0,
        0,
        0,
        0,
        1,
        0,
        -8.214537944506363,
        1.4484446736699328,
        -4.440892098500626e-16,
        1
      ],
      "name": "Cylinder 3",
      "mesh": 0
    },
    {
      "matrix": [
        0.48103562278551715,
        0.8764326115837614,
        0.021693477448691642,
        0,
        -0.8766918015039816,
        0.4807696084677373,
        0.016494506645589446,
        0,
        0.004026758876868505,
        -0.02695293910218045,
        0.9996285931718348,
        0,
        86.40429752990215,
        85.8740456080846,
        0.9685241355753353,
        1
      ],
      "name": "Cylinder 3 Instance",
      "children": [
        1
      ]
    },
    {
      "matrix": [
        -0.819152044288992,
        -1.003171929053525e-16,
        0.5735764363510462,
        0,
        1.2246467991473532e-16,
        -1,
        0,
        0,
        0.5735764363510462,
        7.024285468436542e-17,
        0.819152044288992,
        0,
        -10.146291421691704,
        -25.119952684004964,
        -39.652275194182586,
        1
      ],
      "name": "Group 6",
      "children": [
        2
      ]
    },
    {
      "matrix": [
        -0.1736481776669303,
        -0.9848077530122082,
        0,
        0,
        0.9848077530122082,
        -0.1736481776669303,
        0,
        0,
        0,
        0,
        1,
        0,
        -8.214537944506363,
        1.4484446736699328,
        -4.440892098500626e-16,
        1
      ],
      "name": "Cylinder 3",
      "mesh": 0
    },
    {
      "matrix": [
        0.46173574626684877,
        0.8869216326974,
        -0.013042931908682328,
        0,
        -0.8865047396302091,
        0.46191884129365945,
        0.027209018194311166,
        0,
        0.03015704283532236,
        -0.001000755365417558,
        0.9995446719662544,
        0,
        86.35749792825752,
        85.60273045933248,
        -0.8750861215574849,
        1
      ],
      "name": "Cylinder 3 Instance",
      "children": [
        4
      ]
    },
    {
      "matrix": [
        0.819152044288992,
        0,
        0.5735764363510462,
        0,
        0,
        1,
        0,
        0,
        -0.5735764363510462,
        0,
        0.819152044288992,
        0,
        -10.54497300662283,
        27.710855011568817,
        -39.6522751941826,
        1
      ],
      "name": "Group 5",
      "children": [
        5
      ]
    },
    {
      "matrix": [
        -0.1736481776669303,
        -0.9848077530122082,
        0,
        0,
        0.9848077530122082,
        -0.1736481776669303,
        0,
        0,
        0,
        0,
        1,
        0,
        -8.214537944506363,
        1.4484446736699328,
        -4.440892098500626e-16,
        1
      ],
      "name": "Cylinder 3",
      "mesh": 0
    },
    {
      "matrix": [
        0.9420702415141401,
        0.3350862552252039,
        0.014861413547813125,
        0,
        -0.33518631023173967,
        0.9421397653048666,
        0.0047749413109259,
        0,
        -0.012401511469236938,
        -0.009479672485919279,
        0.9998781617391381,
        0,
        139.29976439141245,
        -0.4092304950195549,
        0.030353858706008447,
        1
      ],
      "name": "Cylinder 3 Instance",
      "children": [
        7
      ]
    },
    {
      "matrix": [
        0.819152044288992,
        0,
        0.5735764363510462,
        0,
        0,
        1,
        0,
        0,
        -0.5735764363510462,
        0,
        0.819152044288992,
        0,
        -10.54497300662283,
        27.710855011568817,
        -39.6522751941826,
        1
      ],
      "name": "Group 4",
      "children": [
        8
      ]
    },
    {
      "matrix": [
        -0.1736481776669303,
        -0.9848077530122082,
        0,
        0,
        0.9848077530122082,
        -0.1736481776669303,
        0,
        0,
        0,
        0,
        1,
        0,
        -8.214537944506363,
        1.4484446736699328,
        -4.440892098500626e-16,
        1
      ],
      "name": "Cylinder 3",
      "mesh": 0
    },
    {
      "matrix": [
        0.9995656887806091,
        -0.029469201084292095,
        0,
        0,
        0.029469201084292095,
        0.9995656887806091,
        0,
        0,
        0,
        0,
        1,
        0,
        138.2401373269596,
        0.06931883436594355,
        0,
        1
      ],
      "name": "Cylinder 3",
      "children": [
        10
      ]
    },
    {
      "matrix": [
        1,
        0,
        0,
        0,
        0,
        1,
        0,
        0,
        0,
        0,
        1,
        0,
        -8.964030283026702,
        -24.371433282057907,
        -41.910095393659866,
        1
      ],
      "name": "Group 3",
      "children": [
        11
      ]
    },
    {
      "matrix": [
        -0.1736481776669303,
        -0.9848077530122082,
        0,
        0,
        0.9848077530122082,
        -0.1736481776669303,
        0,
        0,
        0,
        0,
        1,
        0,
        -8.214537944506363,
        1.4484446736699328,
        -4.440892098500626e-16,
        1
      ],
      "mesh": 0
    },
    {
      "matrix": [
        0.48103562278551715,
        0.8764326115837614,
        0.021693477448691642,
        0,
        -0.8766918015039816,
        0.4807696084677373,
        0.016494506645589446,
        0,
        0.004026758876868505,
        -0.02695293910218045,
        0.9996285931718348,
        0,
        86.40429752990215,
        85.8740456080846,
        0.9685241355753353,
        1
      ],
      "children": [
        13
      ]
    },
    {
      "children": [
        14
      ]
    },
    {
      "matrix": [
        -0.1736481776669303,
        -0.9848077530122082,
        0,
        0,
        0.9848077530122082,
        -0.1736481776669303,
        0,
        0,
        0,
        0,
        1,
        0,
        -8.214537944506363,
        1.4484446736699328,
        -4.440892098500626e-16,
        1
      ],
      "mesh": 0
    },
    {
      "matrix": [
        0.48103562278551715,
        0.8764326115837614,
        0.021693477448691642,
        0,
        -0.8766918015039816,
        0.4807696084677373,
        0.016494506645589446,
        0,
        0.004026758876868505,
        -0.02695293910218045,
        0.9996285931718348,
        0,
        86.40429752990215,
        85.8740456080846,
        0.9685241355753353,
        1
      ],
      "children": [
        16
      ]
    },
    {
      "matrix": [
        0.30901699437494745,
        0,
        0.9510565162951536,
        0,
        0,
        1,
        0,
        0,
        -0.9510565162951536,
        0,
        0.30901699437494745,
        0,
        0,
        0,
        0,
        1
      ],
      "children": [
        17
      ]
    },
    {
      "matrix": [
        -0.1736481776669303,
        -0.9848077530122082,
        0,
        0,
        0.9848077530122082,
        -0.1736481776669303,
        0,
        0,
        0,
        0,
        1,
        0,
        -8.214537944506363,
        1.4484446736699328,
        -4.440892098500626e-16,
        1
      ],
      "mesh": 0
    },
    {
      "matrix": [
        0.48103562278551715,
        0.8764326115837614,
        0.021693477448691642,
        0,
        -0.8766918015039816,
        0.4807696084677373,
        0.016494506645589446,
        0,
        0.004026758876868505,
        -0.02695293910218045,
        0.9996285931718348,
        0,
        86.40429752990215,
        85.8740456080846,
        0.9685241355753353,
        1
      ],
      "children": [
        19
      ]
    },
    {
      "matrix": [
        -0.8090169943749472,
        0,
        0.5877852522924731,
        0,
        0,
        1,
        0,
        0,
        -0.5877852522924731,
        0,
        -0.8090169943749472,
        0,
        0,
        0,
        0,
        1
      ],
      "children": [
        20
      ]
    },
    {
      "matrix": [
        -0.1736481776669303,
        -0.9848077530122082,
        0,
        0,
        0.9848077530122082,
        -0.1736481776669303,
        0,
        0,
        0,
        0,
        1,
        0,
        -8.214537944506363,
        1.4484446736699328,
        -4.440892098500626e-16,
        1
      ],
      "mesh": 0
    },
    {
      "matrix": [
        0.48103562278551715,
        0.8764326115837614,
        0.021693477448691642,
        0,
        -0.8766918015039816,
        0.4807696084677373,
        0.016494506645589446,
        0,
        0.004026758876868505,
        -0.02695293910218045,
        0.9996285931718348,
        0,
        86.40429752990215,
        85.8740456080846,
        0.9685241355753353,
        1
      ],
      "children": [
        22
      ]
    },
    {
      "matrix": [
        -0.8090169943749477,
        0,
        -0.587785252292473,
        0,
        0,
        1,
        0,
        0,
        0.587785252292473,
        0,
        -0.8090169943749477,
        0,
        0,
        0,
        0,
        1
      ],
      "children": [
        23
      ]
    },
    {
      "matrix": [
        -0.1736481776669303,
        -0.9848077530122082,
        0,
        0,
        0.9848077530122082,
        -0.1736481776669303,
        0,
        0,
        0,
        0,
        1,
        0,
        -8.214537944506363,
        1.4484446736699328,
        -4.440892098500626e-16,
        1
      ],
      "mesh": 0
    },
    {
      "matrix": [
        0.48103562278551715,
        0.8764326115837614,
        0.021693477448691642,
        0,
        -0.8766918015039816,
        0.4807696084677373,
        0.016494506645589446,
        0,
        0.004026758876868505,
        -0.02695293910218045,
        0.9996285931718348,
        0,
        86.40429752990215,
        85.8740456080846,
        0.9685241355753353,
        1
      ],
      "children": [
        25
      ]
    },
    {
      "matrix": [
        0.3090169943749471,
        0,
        -0.9510565162951536,
        0,
        0,
        1,
        0,
        0,
        0.9510565162951536,
        0,
        0.3090169943749471,
        0,
        0,
        0,
        0,
        1
      ],
      "children": [
        26
      ]
    },
    {
      "matrix": [
        -0.819152044288992,
        -1.003171929053525e-16,
        0.5735764363510462,
        0,
        1.2246467991473532e-16,
        -1,
        0,
        0,
        0.5735764363510462,
        7.024285468436542e-17,
        0.819152044288992,
        0,
        -10.146291421691704,
        -25.119952684004964,
        -39.652275194182586,
        1
      ],
      "children": [
        15,
        18,
        21,
        24,
        27
      ]
    },
    {
      "matrix": [
        -0.1736481776669303,
        -0.9848077530122082,
        0,
        0,
        0.9848077530122082,
        -0.1736481776669303,
        0,
        0,
        0,
        0,
        1,
        0,
        -8.214537944506363,
        1.4484446736699328,
        -4.440892098500626e-16,
        1
      ],
      "mesh": 0
    },
    {
      "matrix": [
        0.46173574626684877,
        0.8869216326974,
        -0.013042931908682328,
        0,
        -0.8865047396302091,
        0.46191884129365945,
        0.027209018194311166,
        0,
        0.03015704283532236,
        -0.001000755365417558,
        0.9995446719662544,
        0,
        86.35749792825752,
        85.60273045933248,
        -0.8750861215574849,
        1
      ],
      "children": [
        29
      ]
    },
    {
      "children": [
        30
      ]
    },
    {
      "matrix": [
        -0.1736481776669303,
        -0.9848077530122082,
        0,
        0,
        0.9848077530122082,
        -0.1736481776669303,
        0,
        0,
        0,
        0,
        1,
        0,
        -8.214537944506363,
        1.4484446736699328,
        -4.440892098500626e-16,
        1
      ],
      "mesh": 0
    },
    {
      "matrix": [
        0.46173574626684877,
        0.8869216326974,
        -0.013042931908682328,
        0,
        -0.8865047396302091,
        0.46191884129365945,
        0.027209018194311166,
        0,
        0.03015704283532236,
        -0.001000755365417558,
        0.9995446719662544,
        0,
        86.35749792825752,
        85.60273045933248,
        -0.8750861215574849,
        1
      ],
      "children": [
        32
      ]
    },
    {
      "matrix": [
        0.30901699437494745,
        0,
        0.9510565162951536,
        0,
        0,
        1,
        0,
        0,
        -0.9510565162951536,
        0,
        0.30901699437494745,
        0,
        0,
        0,
        0,
        1
      ],
      "children": [
        33
      ]
    },
    {
      "matrix": [
        -0.1736481776669303,
        -0.9848077530122082,
        0,
        0,
        0.9848077530122082,
        -0.1736481776669303,
        0,
        0,
        0,
        0,
        1,
        0,
        -8.214537944506363,
        1.4484446736699328,
        -4.440892098500626e-16,
        1
      ],
      "mesh": 0
    },
    {
      "matrix": [
        0.46173574626684877,
        0.8869216326974,
        -0.013042931908682328,
        0,
        -0.8865047396302091,
        0.46191884129365945,
        0.027209018194311166,
        0,
        0.03015704283532236,
        -0.001000755365417558,
        0.9995446719662544,
        0,
        86.35749792825752,
        85.60273045933248,
        -0.8750861215574849,
        1
      ],
      "children": [
        35
      ]
    },
    {
      "matrix": [
        -0.8090169943749472,
        0,
        0.5877852522924731,
        0,
        0,
        1,
        0,
        0,
        -0.5877852522924731,
        0,
        -0.8090169943749472,
        0,
        0,
        0,
        0,
        1
      ],
      "children": [
        36
      ]
    },
    {
      "matrix": [
        -0.1736481776669303,
        -0.9848077530122082,
        0,
        0,
        0.9848077530122082,
        -0.1736481776669303,
        0,
        0,
        0,
        0,
        1,
        0,
        -8.214537944506363,
        1.4484446736699328,
        -4.440892098500626e-16,
        1
      ],
      "mesh": 0
    },
    {
      "matrix": [
        0.46173574626684877,
        0.8869216326974,
        -0.013042931908682328,
        0,
        -0.8865047396302091,
        0.46191884129365945,
        0.027209018194311166,
        0,
        0.03015704283532236,
        -0.001000755365417558,
        0.9995446719662544,
        0,
        86.35749792825752,
        85.60273045933248,
        -0.8750861215574849,
        1
      ],
      "children": [
        38
      ]
    },
    {
      "matrix": [
        -0.8090169943749477,
        0,
        -0.587785252292473,
        0,
        0,
        1,
        0,
        0,
        0.587785252292473,
        0,
        -0.8090169943749477,
        0,
        0,
        0,
        0,
        1
      ],
      "children": [
        39
      ]
    },
    {
      "matrix": [
        -0.1736481776669303,
        -0.9848077530122082,
        0,
        0,
        0.9848077530122082,
        -0.1736481776669303,
        0,
        0,
        0,
        0,
        1,
        0,
        -8.214537944506363,
        1.4484446736699328,
        -4.440892098500626e-16,
        1
      ],
      "mesh": 0
    },
    {
      "matrix": [
        0.46173574626684877,
        0.8869216326974,
        -0.013042931908682328,
        0,
        -0.8865047396302091,
        0.46191884129365945,
        0.027209018194311166,
        0,
        0.03015704283532236,
        -0.001000755365417558,
        0.9995446719662544,
        0,
        86.35749792825752,
        85.60273045933248,
        -0.8750861215574849,
        1
      ],
      "children": [
        41
      ]
    },
    {
      "matrix": [
        0.3090169943749471,
        0,
        -0.9510565162951536,
        0,
        0,
        1,
        0,
        0,
        0.9510565162951536,
        0,
        0.3090169943749471,
        0,
        0,
        0,
        0,
        1
      ],
      "children": [
        42
      ]
    },
    {
      "matrix": [
        0.819152044288992,
        0,
        0.5735764363510462,
        0,
        0,
        1,
        0,
        0,
        -0.5735764363510462,
        0,
        0.819152044288992,
        0,
        -10.54497300662283,
        27.710855011568817,
        -39.6522751941826,
        1
      ],
      "children": [
        31,
        34,
        37,
        40,
        43
      ]
    },
    {
      "matrix": [
        -0.1736481776669303,
        -0.9848077530122082,
        0,
        0,
        0.9848077530122082,
        -0.1736481776669303,
        0,
        0,
        0,
        0,
        1,
        0,
        -8.214537944506363,
        1.4484446736699328,
        -4.440892098500626e-16,
        1
      ],
      "mesh": 0
    },
    {
      "matrix": [
        0.9420702415141401,
        0.3350862552252039,
        0.014861413547813125,
        0,
        -0.33518631023173967,
        0.9421397653048666,
        0.0047749413109259,
        0,
        -0.012401511469236938,
        -0.009479672485919279,
        0.9998781617391381,
        0,
        139.29976439141245,
        -0.4092304950195549,
        0.030353858706008447,
        1
      ],
      "children": [
        45
      ]
    },
    {
      "children": [
        46
      ]
    },
    {
      "matrix": [
        -0.1736481776669303,
        -0.9848077530122082,
        0,
        0,
        0.9848077530122082,
        -0.1736481776669303,
        0,
        0,
        0,
        0,
        1,
        0,
        -8.214537944506363,
        1.4484446736699328,
        -4.440892098500626e-16,
        1
      ],
      "mesh": 0
    },
    {
      "matrix": [
        0.9420702415141401,
        0.3350862552252039,
        0.014861413547813125,
        0,
        -0.33518631023173967,
        0.9421397653048666,
        0.0047749413109259,
        0,
        -0.012401511469236938,
        -0.009479672485919279,
        0.9998781617391381,
        0,
        139.29976439141245,
        -0.4092304950195549,
        0.030353858706008447,
        1
      ],
      "children": [
        48
      ]
    },
    {
      "matrix": [
        0.30901699437494745,
        0,
        0.9510565162951536,
        0,
        0,
        1,
        0,
        0,
        -0.9510565162951536,
        0,
        0.30901699437494745,
        0,
        0,
        0,
        0,
        1
      ],
      "children": [
        49
      ]
    },
    {
      "matrix": [
        -0.1736481776669303,
        -0.9848077530122082,
        0,
        0,
        0.9848077530122082,
        -0.1736481776669303,
        0,
        0,
        0,
        0,
        1,
        0,
        -8.214537944506363,
        1.4484446736699328,
        -4.440892098500626e-16,
        1
      ],
      "mesh": 0
    },
    {
      "matrix": [
        0.9420702415141401,
        0.3350862552252039,
        0.014861413547813125,
        0,
        -0.33518631023173967,
        0.9421397653048666,
        0.0047749413109259,
        0,
        -0.012401511469236938,
        -0.009479672485919279,
        0.9998781617391381,
        0,
        139.29976439141245,
        -0.4092304950195549,
        0.030353858706008447,
        1
      ],
      "children": [
        51
      ]
    },
    {
      "matrix": [
        -0.8090169943749472,
        0,
        0.5877852522924731,
        0,
        0,
        1,
        0,
        0,
        -0.5877852522924731,
        0,
        -0.8090169943749472,
        0,
        0,
        0,
        0,
        1
      ],
      "children": [
        52
      ]
    },
    {
      "matrix": [
        -0.1736481776669303,
        -0.9848077530122082,
        0,
        0,
        0.9848077530122082,
        -0.1736481776669303,
        0,
        0,
        0,
        0,
        1,
        0,
        -8.214537944506363,
        1.4484446736699328,
        -4.440892098500626e-16,
        1
      ],
      "mesh": 0
    },
    {
      "matrix": [
        0.9420702415141401,
        0.3350862552252039,
        0.014861413547813125,
        0,
        -0.33518631023173967,
        0.9421397653048666,
        0.0047749413109259,
        0,
        -0.012401511469236938,
        -0.009479672485919279,
        0.9998781617391381,
        0,
        139.29976439141245,
        -0.4092304950195549,
        0.030353858706008447,
        1
      ],
      "children": [
        54
      ]
    },
    {
      "matrix": [
        -0.8090169943749477,
        0,
        -0.587785252292473,
        0,
        0,
        1,
        0,
        0,
        0.587785252292473,
        0,
        -0.8090169943749477,
        0,
        0,
        0,
        0,
        1
      ],
      "children": [
        55
      ]
    },
    {
      "matrix": [
        -0.1736481776669303,
        -0.9848077530122082,
        0,
        0,
        0.9848077530122082,
        -0.1736481776669303,
        0,
        0,
        0,
        0,
        1,
        0,
        -8.214537944506363,
        1.4484446736699328,
        -4.440892098500626e-16,
        1
      ],
      "mesh": 0
    },
    {
      "matrix": [
        0.9420702415141401,
        0.3350862552252039,
        0.014861413547813125,
        0,
        -0.33518631023173967,
        0.9421397653048666,
        0.0047749413109259,
        0,
        -0.012401511469236938,
        -0.009479672485919279,
        0.9998781617391381,
        0,
        139.29976439141245,
        -0.4092304950195549,
        0.030353858706008447,
        1
      ],
      "children": [
        57
      ]
    },
    {
      "matrix": [
        0.3090169943749471,
        0,
        -0.9510565162951536,
        0,
        0,
        1,
        0,
        0,
        0.9510565162951536,
        0,
        0.3090169943749471,
        0,
        0,
        0,
        0,
        1
      ],
      "children": [
        58
      ]
    },
    {
      "matrix": [
        0.819152044288992,
        0,
        0.5735764363510462,
        0,
        0,
        1,
        0,
        0,
        -0.5735764363510462,
        0,
        0.819152044288992,
        0,
        -10.54497300662283,
        27.710855011568817,
        -39.6522751941826,
        1
      ],
      "children": [
        47,
        50,
        53,
        56,
        59
      ]
    },
    {
      "matrix": [
        -0.1736481776669303,
        -0.9848077530122082,
        0,
        0,
        0.9848077530122082,
        -0.1736481776669303,
        0,
        0,
        0,
        0,
        1,
        0,
        -8.214537944506363,
        1.4484446736699328,
        -4.440892098500626e-16,
        1
      ],
      "mesh": 0
    },
    {
      "matrix": [
        0.9995656887806091,
        -0.029469201084292095,
        0,
        0,
        0.029469201084292095,
        0.9995656887806091,
        0,
        0,
        0,
        0,
        1,
        0,
        138.2401373269596,
        0.06931883436594355,
        0,
        1
      ],
      "children": [
        61
      ]
    },
    {
      "children": [
        62
      ]
    },
    {
      "matrix": [
        -0.1736481776669303,
        -0.9848077530122082,
        0,
        0,
        0.9848077530122082,
        -0.1736481776669303,
        0,
        0,
        0,
        0,
        1,
        0,
        -8.214537944506363,
        1.4484446736699328,
        -4.440892098500626e-16,
        1
      ],
      "mesh": 0
    },
    {
      "matrix": [
        0.9995656887806091,
        -0.029469201084292095,
        0,
        0,
        0.029469201084292095,
        0.9995656887806091,
        0,
        0,
        0,
        0,
        1,
        0,
        138.2401373269596,
        0.06931883436594355,
        0,
        1
      ],
      "children": [
        64
      ]
    },
    {
      "matrix": [
        0.30901699437494745,
        0,
        0.9510565162951536,
        0,
        0,
        1,
        0,
        0,
        -0.9510565162951536,
        0,
        0.30901699437494745,
        0,
        0,
        0,
        0,
        1
      ],
      "children": [
        65
      ]
    },
    {
      "matrix": [
        -0.1736481776669303,
        -0.9848077530122082,
        0,
        0,
        0.9848077530122082,
        -0.1736481776669303,
        0,
        0,
        0,
        0,
        1,
        0,
        -8.214537944506363,
        1.4484446736699328,
        -4.440892098500626e-16,
        1
      ],
      "mesh": 0
    },
    {
      "matrix": [
        0.9995656887806091,
        -0.029469201084292095,
        0,
        0,
        0.029469201084292095,
        0.9995656887806091,
        0,
        0,
        0,
        0,
        1,
        0,
        138.2401373269596,
        0.06931883436594355,
        0,
        1
      ],
      "children": [
        67
      ]
    },
    {
      "matrix": [
        -0.8090169943749472,
        0,
        0.5877852522924731,
        0,
        0,
        1,
        0,
        0,
        -0.5877852522924731,
        0,
        -0.8090169943749472,
        0,
        0,
        0,
        0,
        1
      ],
      "children": [
        68
      ]
    },
    {
      "matrix": [
        -0.1736481776669303,
        -0.9848077530122082,
        0,
        0,
        0.9848077530122082,
        -0.1736481776669303,
        0,
        0,
        0,
        0,
        1,
        0,
        -8.214537944506363,
        1.4484446736699328,
        -4.440892098500626e-16,
        1
      ],
      "mesh": 0
    },
    {
      "matrix": [
        0.9995656887806091,
        -0.029469201084292095,
        0,
        0,
        0.029469201084292095,
        0.9995656887806091,
        0,
        0,
        0,
        0,
        1,
        0,
        138.2401373269596,
        0.06931883436594355,
        0,
        1
      ],
      "children": [
        70
      ]
    },
    {
      "matrix": [
        -0.8090169943749477,
        0,
        -0.587785252292473,
        0,
        0,
        1,
        0,
        0,
        0.587785252292473,
        0,
        -0.8090169943749477,
        0,
        0,
        0,
        0,
        1
      ],
      "children": [
        71
      ]
    },
    {
      "matrix": [
        -0.1736481776669303,
        -0.9848077530122082,
        0,
        0,
        0.9848077530122082,
        -0.1736481776669303,
        0,
        0,
        0,
        0,
        1,
        0,
        -8.214537944506363,
        1.4484446736699328,
        -4.440892098500626e-16,
        1
      ],
      "mesh": 0
    },
    {
      "matrix": [
        0.9995656887806091,
        -0.029469201084292095,
        0,
        0,
        0.029469201084292095,
        0.9995656887806091,
        0,
        0,
        0,
        0,
        1,
        0,
        138.2401373269596,
        0.06931883436594355,
        0,
        1
      ],
      "children": [
        73
      ]
    },
    {
      "matrix": [
        0.3090169943749471,
        0,
        -0.9510565162951536,
        0,
        0,
        1,
        0,
        0,
        0.9510565162951536,
        0,
        0.3090169943749471,
        0,
        0,
        0,
        0,
        1
      ],
      "children": [
        74
      ]
    },
    {
      "matrix": [
        1,
        0,
        0,
        0,
        0,
        1,
        0,
        0,
        0,
        0,
        1,
        0,
        -8.964030283026702,
        -24.371433282057907,
        -41.910095393659866,
        1
      ],
      "children": [
        63,
        66,
        69,
        72,
        75
      ]
    },
    {
      "matrix": [
        0.5790215450663172,
        0,
        0,
        0,
        0,
        0.5790215450663172,
        0,
        0,
        0,
        0,
        0.5790215450663172,
        0,
        -0.9888074602600678,
        17.92655583116479,
        7.485558527124978,
        1
      ],
      "name": "white",
      "children": [
        3,
        6,
        9,
        12,
        28,
        44,
        60,
        76
      ]
    },
    {
      "matrix": [
        0.4229054824556554,
        -0.8540929405173372,
        0.3027807818660186,
        0,
        0.9030248392422698,
        0.425045745738674,
        -0.062307734198310004,
        0,
        -0.07547908730517347,
        0.2997688492620653,
        0.9510213164759637,
        0,
        -5.662422934200762,
        -4.340609249188988,
        -4.335195933939021,
        0.9999999999999999
      ],
      "name": "Cylinder",
      "mesh": 1
    },
    {
      "matrix": [
        0.08448005162183872,
        -0.8821166134394761,
        -0.463393354691284,
        0,
        -0.2758035512182213,
        -0.467586879512806,
        0.8398183799149053,
        0,
        -0.9574943979018309,
        0.05685763274660083,
        -0.2827926582941343,
        0,
        -39.439806243926675,
        -142.71398169814142,
        -27.97435078190199,
        1.0000000000000002
      ],
      "name": "Cylinder Instance 2",
      "children": [
        78
      ]
    },
    {
      "matrix": [
        0.4229054824556554,
        -0.8540929405173372,
        0.3027807818660186,
        0,
        0.9030248392422698,
        0.425045745738674,
        -0.062307734198310004,
        0,
        -0.07547908730517347,
        0.2997688492620653,
        0.9510213164759637,
        0,
        -5.662422934200762,
        -4.340609249188988,
        -4.335195933939021,
        0.9999999999999999
      ],
      "name": "Cylinder",
      "mesh": 1
    },
    {
      "matrix": [
        0.32726113362288906,
        0.9105468191834373,
        0.25259580458666864,
        0,
        -0.7611699606535605,
        0.4124247743403943,
        -0.500525820022237,
        0,
        -0.5599289610464161,
        -0.028465691370485664,
        0.8280514857158826,
        0,
        -39.46787708771849,
        146.8415286312087,
        -26.796827953624646,
        0.9999999999999998
      ],
      "name": "Cylinder Instance 2",
      "children": [
        80
      ]
    },
    {
      "matrix": [
        0.4229054824556554,
        -0.8540929405173372,
        0.3027807818660186,
        0,
        0.9030248392422698,
        0.425045745738674,
        -0.062307734198310004,
        0,
        -0.07547908730517347,
        0.2997688492620653,
        0.9510213164759637,
        0,
        -5.662422934200762,
        -4.340609249188988,
        -4.335195933939021,
        0.9999999999999999
      ],
      "name": "Cylinder",
      "mesh": 1
    },
    {
      "matrix": [
        0.6192475106544776,
        -0.7518746225730691,
        -0.22631189204024926,
        0,
        0.7386959516132979,
        0.4601390812481325,
        0.49254473601719545,
        0,
        -0.2661969414143539,
        -0.47218278011669296,
        0.840346720433247,
        0,
        128.29001967178564,
        -20.69612058032393,
        -4.928528401225057,
        1
      ],
      "name": "Cylinder Instance",
      "children": [
        82
      ]
    },
    {
      "matrix": [
        0.7660444431189781,
        0,
        0.6427876096865394,
        0,
        0,
        1,
        0,
        0,
        -0.6427876096865394,
        0,
        0.7660444431189781,
        0,
        -34.73409124756687,
        -42.36635235931754,
        -30.19328272941688,
        1
      ],
      "name": "Group 7",
      "children": [
        83
      ]
    },
    {
      "matrix": [
        0.4229054824556554,
        -0.8540929405173372,
        0.3027807818660186,
        0,
        0.9030248392422698,
        0.425045745738674,
        -0.062307734198310004,
        0,
        -0.07547908730517347,
        0.2997688492620653,
        0.9510213164759637,
        0,
        -5.662422934200762,
        -4.340609249188988,
        -4.335195933939021,
        0.9999999999999999
      ],
      "name": "Cylinder",
      "mesh": 1
    },
    {
      "matrix": [
        1,
        0,
        0,
        0,
        0,
        1,
        0,
        0,
        0,
        0,
        1,
        0,
        131.59909112884574,
        -3.807130447829479,
        2.4711905918707693,
        1
      ],
      "name": "Cylinder",
      "children": [
        85
      ]
    },
    {
      "matrix": [
        1,
        0,
        0,
        0,
        0,
        1,
        0,
        0,
        0,
        0,
        1,
        0,
        -34.73409124756688,
        71.95705516535813,
        -30.193282729416893,
        1
      ],
      "name": "Group",
      "children": [
        86
      ]
    },
    {
      "matrix": [
        0.4229054824556554,
        -0.8540929405173372,
        0.3027807818660186,
        0,
        0.9030248392422698,
        0.425045745738674,
        -0.062307734198310004,
        0,
        -0.07547908730517347,
        0.2997688492620653,
        0.9510213164759637,
        0,
        -5.662422934200762,
        -4.340609249188988,
        -4.335195933939021,
        0.9999999999999999
      ],
      "mesh": 1
    },
    {
      "matrix": [
        0.6192475106544776,
        -0.7518746225730691,
        -0.22631189204024926,
        0,
        0.7386959516132979,
        0.4601390812481325,
        0.49254473601719545,
        0,
        -0.2661969414143539,
        -0.47218278011669296,
        0.840346720433247,
        0,
        128.29001967178564,
        -20.69612058032393,
        -4.928528401225057,
        1
      ],
      "children": [
        88
      ]
    },
    {
      "children": [
        89
      ]
    },
    {
      "matrix": [
        0.4229054824556554,
        -0.8540929405173372,
        0.3027807818660186,
        0,
        0.9030248392422698,
        0.425045745738674,
        -0.062307734198310004,
        0,
        -0.07547908730517347,
        0.2997688492620653,
        0.9510213164759637,
        0,
        -5.662422934200762,
        -4.340609249188988,
        -4.335195933939021,
        0.9999999999999999
      ],
      "mesh": 1
    },
    {
      "matrix": [
        0.6192475106544776,
        -0.7518746225730691,
        -0.22631189204024926,
        0,
        0.7386959516132979,
        0.4601390812481325,
        0.49254473601719545,
        0,
        -0.2661969414143539,
        -0.47218278011669296,
        0.840346720433247,
        0,
        128.29001967178564,
        -20.69612058032393,
        -4.928528401225057,
        1
      ],
      "children": [
        91
      ]
    },
    {
      "matrix": [
        0.30901699437494745,
        0,
        0.9510565162951536,
        0,
        0,
        1,
        0,
        0,
        -0.9510565162951536,
        0,
        0.30901699437494745,
        0,
        0,
        0,
        0,
        1
      ],
      "children": [
        92
      ]
    },
    {
      "matrix": [
        0.4229054824556554,
        -0.8540929405173372,
        0.3027807818660186,
        0,
        0.9030248392422698,
        0.425045745738674,
        -0.062307734198310004,
        0,
        -0.07547908730517347,
        0.2997688492620653,
        0.9510213164759637,
        0,
        -5.662422934200762,
        -4.340609249188988,
        -4.335195933939021,
        0.9999999999999999
      ],
      "mesh": 1
    },
    {
      "matrix": [
        0.6192475106544776,
        -0.7518746225730691,
        -0.22631189204024926,
        0,
        0.7386959516132979,
        0.4601390812481325,
        0.49254473601719545,
        0,
        -0.2661969414143539,
        -0.47218278011669296,
        0.840346720433247,
        0,
        128.29001967178564,
        -20.69612058032393,
        -4.928528401225057,
        1
      ],
      "children": [
        94
      ]
    },
    {
      "matrix": [
        -0.8090169943749472,
        0,
        0.5877852522924731,
        0,
        0,
        1,
        0,
        0,
        -0.5877852522924731,
        0,
        -0.8090169943749472,
        0,
        0,
        0,
        0,
        1
      ],
      "children": [
        95
      ]
    },
    {
      "matrix": [
        0.4229054824556554,
        -0.8540929405173372,
        0.3027807818660186,
        0,
        0.9030248392422698,
        0.425045745738674,
        -0.062307734198310004,
        0,
        -0.07547908730517347,
        0.2997688492620653,
        0.9510213164759637,
        0,
        -5.662422934200762,
        -4.340609249188988,
        -4.335195933939021,
        0.9999999999999999
      ],
      "mesh": 1
    },
    {
      "matrix": [
        0.6192475106544776,
        -0.7518746225730691,
        -0.22631189204024926,
        0,
        0.7386959516132979,
        0.4601390812481325,
        0.49254473601719545,
        0,
        -0.2661969414143539,
        -0.47218278011669296,
        0.840346720433247,
        0,
        128.29001967178564,
        -20.69612058032393,
        -4.928528401225057,
        1
      ],
      "children": [
        97
      ]
    },
    {
      "matrix": [
        -0.8090169943749477,
        0,
        -0.587785252292473,
        0,
        0,
        1,
        0,
        0,
        0.587785252292473,
        0,
        -0.8090169943749477,
        0,
        0,
        0,
        0,
        1
      ],
      "children": [
        98
      ]
    },
    {
      "matrix": [
        0.4229054824556554,
        -0.8540929405173372,
        0.3027807818660186,
        0,
        0.9030248392422698,
        0.425045745738674,
        -0.062307734198310004,
        0,
        -0.07547908730517347,
        0.2997688492620653,
        0.9510213164759637,
        0,
        -5.662422934200762,
        -4.340609249188988,
        -4.335195933939021,
        0.9999999999999999
      ],
      "mesh": 1
    },
    {
      "matrix": [
        0.6192475106544776,
        -0.7518746225730691,
        -0.22631189204024926,
        0,
        0.7386959516132979,
        0.4601390812481325,
        0.49254473601719545,
        0,
        -0.2661969414143539,
        -0.47218278011669296,
        0.840346720433247,
        0,
        128.29001967178564,
        -20.69612058032393,
        -4.928528401225057,
        1
      ],
      "children": [
        100
      ]
    },
    {
      "matrix": [
        0.3090169943749471,
        0,
        -0.9510565162951536,
        0,
        0,
        1,
        0,
        0,
        0.9510565162951536,
        0,
        0.3090169943749471,
        0,
        0,
        0,
        0,
        1
      ],
      "children": [
        101
      ]
    },
    {
      "matrix": [
        0.7660444431189781,
        0,
        0.6427876096865394,
        0,
        0,
        1,
        0,
        0,
        -0.6427876096865394,
        0,
        0.7660444431189781,
        0,
        -34.73409124756687,
        -42.36635235931754,
        -30.19328272941688,
        1
      ],
      "children": [
        90,
        93,
        96,
        99,
        102
      ]
    },
    {
      "matrix": [
        0.4229054824556554,
        -0.8540929405173372,
        0.3027807818660186,
        0,
        0.9030248392422698,
